{
 "cells": [
  {
   "cell_type": "code",
   "execution_count": 17,
   "metadata": {},
   "outputs": [],
   "source": [
    "import numpy as np\n",
    "import pandas as pd\n",
    "import matplotlib.pyplot as plt\n",
    "from mpl_toolkits.mplot3d import Axes3D\n",
    "import math\n",
    "import os\n",
    "import random\n",
    "import numpy as np\n",
    "from skimage.io import imread, imshow\n",
    "from skimage.transform import resize\n",
    "from sklearn.linear_model import LinearRegression\n",
    "from sklearn.metrics import r2_score\n",
    "from sklearn.metrics import mean_squared_error\n",
    "from sklearn.preprocessing import PolynomialFeatures\n",
    "import matplotlib.pyplot as plt\n",
    "import pywt\n",
    "import pywt.data\n",
    "import sys\n",
    "sys.path.append('../src/')\n",
    "\n",
    "from ai_utec import gradient_descent as gd\n",
    "from ai_utec import utility as ut"
   ]
  },
  {
   "cell_type": "markdown",
   "metadata": {},
   "source": [
    "# Lectura de Datos"
   ]
  },
  {
   "cell_type": "code",
   "execution_count": 18,
   "metadata": {},
   "outputs": [
    {
     "name": "stdout",
     "output_type": "stream",
     "text": [
      "             X         Y      FFMC       DMC        DC       ISI      temp  \\\n",
      "X     1.000000  0.539548 -0.021039 -0.048384 -0.085916  0.006210 -0.051258   \n",
      "Y     0.539548  1.000000 -0.046308  0.007782 -0.101178 -0.024488 -0.024103   \n",
      "FFMC -0.021039 -0.046308  1.000000  0.382619  0.330512  0.531805  0.431532   \n",
      "DMC  -0.048384  0.007782  0.382619  1.000000  0.682192  0.305128  0.469594   \n",
      "DC   -0.085916 -0.101178  0.330512  0.682192  1.000000  0.229154  0.496208   \n",
      "ISI   0.006210 -0.024488  0.531805  0.305128  0.229154  1.000000  0.394287   \n",
      "temp -0.051258 -0.024103  0.431532  0.469594  0.496208  0.394287  1.000000   \n",
      "RH    0.085223  0.062221 -0.300995  0.073795 -0.039192 -0.132517 -0.527390   \n",
      "wind  0.018798 -0.020341 -0.028485 -0.105342 -0.203466  0.106826 -0.227116   \n",
      "rain  0.065387  0.033234  0.056702  0.074790  0.035861  0.067668  0.069491   \n",
      "area  0.063385  0.044873  0.040122  0.072994  0.049383  0.008258  0.097844   \n",
      "\n",
      "            RH      wind      rain      area  \n",
      "X     0.085223  0.018798  0.065387  0.063385  \n",
      "Y     0.062221 -0.020341  0.033234  0.044873  \n",
      "FFMC -0.300995 -0.028485  0.056702  0.040122  \n",
      "DMC   0.073795 -0.105342  0.074790  0.072994  \n",
      "DC   -0.039192 -0.203466  0.035861  0.049383  \n",
      "ISI  -0.132517  0.106826  0.067668  0.008258  \n",
      "temp -0.527390 -0.227116  0.069491  0.097844  \n",
      "RH    1.000000  0.069410  0.099751 -0.075519  \n",
      "wind  0.069410  1.000000  0.061119  0.012317  \n",
      "rain  0.099751  0.061119  1.000000 -0.007366  \n",
      "area -0.075519  0.012317 -0.007366  1.000000  \n",
      "[[2.4230e+01]\n",
      " [8.3100e+00]\n",
      " [0.0000e+00]\n",
      " [0.0000e+00]\n",
      " [0.0000e+00]\n",
      " [3.5200e+00]\n",
      " [0.0000e+00]\n",
      " [1.9500e+00]\n",
      " [0.0000e+00]\n",
      " [1.6000e+01]\n",
      " [0.0000e+00]\n",
      " [0.0000e+00]\n",
      " [1.4300e+00]\n",
      " [0.0000e+00]\n",
      " [0.0000e+00]\n",
      " [2.3410e+01]\n",
      " [1.3800e+00]\n",
      " [5.4290e+01]\n",
      " [2.4770e+01]\n",
      " [0.0000e+00]\n",
      " [0.0000e+00]\n",
      " [0.0000e+00]\n",
      " [0.0000e+00]\n",
      " [5.2000e-01]\n",
      " [0.0000e+00]\n",
      " [8.2400e+00]\n",
      " [0.0000e+00]\n",
      " [0.0000e+00]\n",
      " [0.0000e+00]\n",
      " [0.0000e+00]\n",
      " [1.6330e+01]\n",
      " [0.0000e+00]\n",
      " [0.0000e+00]\n",
      " [1.1060e+01]\n",
      " [2.1800e+00]\n",
      " [0.0000e+00]\n",
      " [0.0000e+00]\n",
      " [2.6900e+00]\n",
      " [3.7100e+00]\n",
      " [0.0000e+00]\n",
      " [9.0000e-01]\n",
      " [1.4290e+01]\n",
      " [0.0000e+00]\n",
      " [7.3100e+00]\n",
      " [1.7200e+00]\n",
      " [9.0000e-02]\n",
      " [9.2700e+00]\n",
      " [1.3990e+01]\n",
      " [3.9400e+00]\n",
      " [0.0000e+00]\n",
      " [0.0000e+00]\n",
      " [0.0000e+00]\n",
      " [0.0000e+00]\n",
      " [0.0000e+00]\n",
      " [0.0000e+00]\n",
      " [5.5000e-01]\n",
      " [2.6400e+00]\n",
      " [0.0000e+00]\n",
      " [9.9600e+00]\n",
      " [4.2870e+01]\n",
      " [4.2500e+00]\n",
      " [0.0000e+00]\n",
      " [0.0000e+00]\n",
      " [8.1600e+00]\n",
      " [1.1060e+01]\n",
      " [0.0000e+00]\n",
      " [1.1190e+01]\n",
      " [0.0000e+00]\n",
      " [1.9648e+02]\n",
      " [0.0000e+00]\n",
      " [1.4570e+01]\n",
      " [0.0000e+00]\n",
      " [0.0000e+00]\n",
      " [0.0000e+00]\n",
      " [4.4000e+00]\n",
      " [0.0000e+00]\n",
      " [0.0000e+00]\n",
      " [4.6700e+01]]\n",
      "[0.29252024]\n"
     ]
    }
   ],
   "source": [
    "url = \"https://raw.githubusercontent.com/nutax/ai-pro1-files/main/forestfires.csv\"\n",
    "dataset = pd.read_csv(url)\n",
    "print(dataset.corr())\n",
    "x = (dataset[[\"X\",\"Y\",\"FFMC\",\"DMC\",\"DC\",\"ISI\",\"temp\",\"RH\",\"wind\",\"rain\"]]).to_numpy()\n",
    "y = (dataset[[\"area\"]]).to_numpy()\n",
    "\n",
    "# print(x.shape)\n",
    "# print(y.shape)\n",
    "# print(dir(utility))\n",
    "xTr, yTr, xV, yV, xT, yT = ut.classic_split(x, y)\n",
    "\n",
    "# print(xTr.shape)\n",
    "# print(yTr.shape)\n",
    "# print(xV.shape)\n",
    "# print(yV.shape)\n",
    "# print(xT.shape)\n",
    "# print(xT.shape)\n",
    "\n",
    "print(yT)\n",
    "w, predict, lossT, lossV = gd.train(xTr, yTr, xV, yV, epochs=10000, alpha=0.01, norm_f=ut.norm, \n",
    "    denorm_f=ut.denorm, extra_f = ut.add_bias,\n",
    "                                                          winit_f = ut.random_weights,\n",
    "                                                          hypo_f = ut.weighted_sum,\n",
    "                                                          diff_f = ut.difference,\n",
    "                                                          loss_f = ut.lm_loss,\n",
    "                                                          delta_f = ut.lm_delta,\n",
    "                                                          update_f = ut.substract_delta,\n",
    "                                                          batch_f = ut.random_batch_gen(4))\n",
    "# print(w)\n",
    "print(ut.r_squared(yT, predict(xT)))"
   ]
  }
 ],
 "metadata": {
  "kernelspec": {
   "display_name": "Python 3.10.6 64-bit (windows store)",
   "language": "python",
   "name": "python3"
  },
  "language_info": {
   "codemirror_mode": {
    "name": "ipython",
    "version": 3
   },
   "file_extension": ".py",
   "mimetype": "text/x-python",
   "name": "python",
   "nbconvert_exporter": "python",
   "pygments_lexer": "ipython3",
   "version": "3.10.6"
  },
  "orig_nbformat": 4,
  "vscode": {
   "interpreter": {
    "hash": "b1fc82697690d5394813d7b32ae5c877233d2ec6558daccf0379c2991af558ac"
   }
  }
 },
 "nbformat": 4,
 "nbformat_minor": 2
}
